Recall=1.0
Precision=0.07
F-measure=0.13084112149532712
Power=0.06930693069306931