Recall=1.0
Precision=0.03
F-measure=0.058252427184466014
Power=0.0297029702970297