Recall=1.0
Precision=0.05
F-measure=0.09523809523809523
Power=0.04950495049504951