Recall=1.0
Precision=0.13
F-measure=0.23008849557522126
Power=0.12871287128712872