Recall=1.0
Precision=0.79
F-measure=0.8826815642458102
Power=0.7821782178217822