Recall=1.0
Precision=0.72
F-measure=0.8372093023255814
Power=0.7128712871287128