Recall=1.0
Precision=0.69
F-measure=0.8165680473372781
Power=0.6831683168316832