Recall=1.0
Precision=0.75
F-measure=0.8571428571428572
Power=0.7425742574257426