Recall=1.0
Precision=0.61
F-measure=0.7577639751552795
Power=0.6039603960396039