Recall=1.0
Precision=0.51
F-measure=0.6754966887417219
Power=0.504950495049505