Recall=1.0
Precision=0.67
F-measure=0.8023952095808383
Power=0.6633663366336634