Recall=1.0
Precision=0.47
F-measure=0.6394557823129252
Power=0.46534653465346537