Recall=1.0
Precision=0.63
F-measure=0.7730061349693252
Power=0.6237623762376238