Recall=1.0
Precision=0.66
F-measure=0.7951807228915663
Power=0.6534653465346535