Recall=1.0
Precision=0.68
F-measure=0.8095238095238095
Power=0.6732673267326733