Recall=1.0
Precision=0.41
F-measure=0.5815602836879433
Power=0.40594059405940597