Recall=1.0
Precision=0.71
F-measure=0.8304093567251463
Power=0.7029702970297029