Recall=1.0
Precision=0.58
F-measure=0.7341772151898733
Power=0.5742574257425742