Recall=1.0
Precision=0.48
F-measure=0.6486486486486486
Power=0.4752475247524752