Recall=1.0
Precision=0.62
F-measure=0.765432098765432
Power=0.6138613861386139