Recall=1.0
Precision=0.34
F-measure=0.5074626865671642
Power=0.33663366336633666