Recall=1.0
Precision=0.55
F-measure=0.7096774193548386
Power=0.5445544554455446