Recall=1.0
Precision=0.64
F-measure=0.7804878048780488
Power=0.6336633663366337