Recall=1.0
Precision=0.45
F-measure=0.6206896551724138
Power=0.44554455445544555