Recall=1.0
Precision=0.73
F-measure=0.8439306358381502
Power=0.7227722772277227