Recall=1.0
Precision=0.65
F-measure=0.787878787878788
Power=0.6435643564356436