Recall=1.0
Precision=0.11
F-measure=0.19819819819819817
Power=0.10891089108910891