Recall=1.0
Precision=0.02
F-measure=0.0392156862745098
Power=0.019801980198019802