Recall=1.0
Precision=0.57
F-measure=0.7261146496815286
Power=0.5643564356435643