Recall=1.0
Precision=0.36
F-measure=0.5294117647058824
Power=0.3564356435643564