Recall=1.0
Precision=0.01
F-measure=0.019801980198019802
Power=0.009900990099009901