Recall=1.0
Precision=0.59
F-measure=0.7421383647798743
Power=0.5841584158415841