Recall=1.0
Precision=0.49
F-measure=0.6577181208053691
Power=0.48514851485148514