Recall=1.0
Precision=0.1
F-measure=0.18181818181818182
Power=0.09090909090909091