Recall=1.0
Precision=0.39
F-measure=0.5611510791366907
Power=0.38613861386138615