Recall=1.0
Precision=0.12
F-measure=0.21428571428571427
Power=0.1188118811881188