Recall=1.0
Precision=0.4
F-measure=0.5714285714285714
Power=0.39603960396039606