Recall=0.7575757575757576
Precision=0.8333333333333334
F-measure=0.7936507936507936
Power=0.6410256410256411