Recall=1.0
Precision=0.43
F-measure=0.6013986013986014
Power=0.42574257425742573