Recall=1.0
Precision=0.7
F-measure=0.8235294117647058
Power=0.6363636363636364