Recall=1.0
Precision=0.06
F-measure=0.11320754716981131
Power=0.0594059405940594