Recall=1.0
Precision=0.08
F-measure=0.14814814814814814
Power=0.07920792079207921