Recall=1.0
Precision=0.44
F-measure=0.611111111111111
Power=0.43564356435643564