Recall=1.0
Precision=0.04
F-measure=0.07692307692307693
Power=0.039603960396039604