Recall=1.0
Precision=0.46
F-measure=0.6301369863013699
Power=0.45544554455445546